          GAMMA Circulations
-------------------------------------------------------
TIME STEP =        0
----------------------------------------------------
PANEL         L1           L2            L3           L4
  1     0.5222032     0.1113037     0.1113037     0.5222032
  2     0.1113037     0.1546730    -0.0000000     0.6335070
  3    -0.0000000     0.1546730    -0.1113037     0.6335070
  4    -0.1113037     0.1113037    -0.5222032     0.5222032
  5     0.6335070    -0.0000000     0.1546730     0.1113037
  6     0.1546730     0.0000000     0.0000000     0.1546730
  7     0.0000000    -0.0000000    -0.1546730     0.1546730
  8    -0.1546730     0.0000000    -0.6335070     0.1113037
  9     0.6335070    -0.1113037     0.1546730    -0.0000000
 10     0.1546730    -0.1546730     0.0000000     0.0000000
 11     0.0000000    -0.1546730    -0.1546730    -0.0000000
 12    -0.1546730    -0.1113037    -0.6335070     0.0000000
 13     0.5222032    -0.5222032     0.1113037    -0.1113037
 14     0.1113037    -0.6335070     0.0000000    -0.1546730
 15     0.0000000    -0.6335070    -0.1113037    -0.1546730
 16    -0.1113037    -0.5222032    -0.5222032    -0.1113037
TIME STEP =        1
----------------------------------------------------
PANEL         L1           L2            L3           L4
  1     0.5625339     0.1053095     0.1509084     0.0403306
  2     0.1509084     0.1401818     0.0315263     0.0799353
  3     0.0315263     0.1537263    -0.0419940     0.1114616
  4    -0.0419940     0.1412259    -0.1807714     0.1807714
  5     0.6678434     0.0000000     0.1857806     0.1053095
  6     0.1857806     0.0000000     0.0450709     0.1401818
  7     0.0450709     0.0000000    -0.0544945     0.1537263
  8    -0.0544945    -0.0000000    -0.2106935     0.1412259
  9     0.6678434    -0.1053095     0.1857806     0.0000000
 10     0.1857806    -0.1401818     0.0450709     0.0000000
 11     0.0450709    -0.1537263    -0.0544945     0.0000000
 12    -0.0544945    -0.1412259    -0.2106935    -0.0000000
 13     0.5625339    -0.0403306     0.1509084    -0.1053095
 14     0.1509084    -0.0799353     0.0315263    -0.1401818
 15     0.0315263    -0.1114616    -0.0419940    -0.1537263
 16    -0.0419940    -0.1807714    -0.1807714    -0.1412259
TIME STEP =        2
----------------------------------------------------
PANEL         L1           L2            L3           L4
  1     0.5945371     0.1068405     0.2133814     0.0320033
  2     0.2133814     0.1110375     0.0828526     0.0944763
  3     0.0828526     0.1058451    -0.0197335     0.1458026
  4    -0.0197335     0.1082669    -0.1680631     0.1680631
  5     0.7013776    -0.0000000     0.2175784     0.1068405
  6     0.2175784     0.0000000     0.0776603     0.1110375
  7     0.0776603     0.0000000    -0.0173117     0.1058451
  8    -0.0173117     0.0000000    -0.1351041     0.1082669
  9     0.7013776    -0.1068405     0.2175784    -0.0000000
 10     0.2175784    -0.1110375     0.0776603     0.0000000
 11     0.0776603    -0.1058451    -0.0173117     0.0000000
 12    -0.0173117    -0.1082669    -0.1351041     0.0000000
 13     0.5945371    -0.0320033     0.2133814    -0.1068405
 14     0.2133814    -0.0944763     0.0828526    -0.1110375
 15     0.0828526    -0.1458026    -0.0197335    -0.1058451
 16    -0.0197335    -0.1680631    -0.1680631    -0.1082669
TIME STEP =        3
----------------------------------------------------
PANEL         L1           L2            L3           L4
  1     0.6130396     0.1099871     0.2391256     0.0185024
  2     0.2391256     0.1097581     0.1349066     0.0442466
  3     0.1349066     0.0809974     0.0266307     0.0963007
  4     0.0266307     0.0678170    -0.1426648     0.1426648
  5     0.7230266     0.0000000     0.2388966     0.1099871
  6     0.2388966     0.0000000     0.1061460     0.1097581
  7     0.1061460     0.0000000     0.0134503     0.0809974
  8     0.0134503     0.0000000    -0.1022150     0.0678170
  9     0.7230266    -0.1099871     0.2388966     0.0000000
 10     0.2388966    -0.1097581     0.1061460     0.0000000
 11     0.1061460    -0.0809974     0.0134503     0.0000000
 12     0.0134503    -0.0678170    -0.1022150     0.0000000
 13     0.6130396    -0.0185024     0.2391256    -0.1099871
 14     0.2391256    -0.0442466     0.1349066    -0.1097581
 15     0.1349066    -0.0963007     0.0266307    -0.0809974
 16     0.0266307    -0.1426648    -0.1426648    -0.0678170
TIME STEP =        4
----------------------------------------------------
PANEL         L1           L2            L3           L4
  1     0.6255440     0.1122569     0.2546906     0.0125045
  2     0.2546906     0.1103297     0.1577967     0.0280694
  3     0.1577967     0.0778179     0.0691167     0.0509595
  4     0.0691167     0.0485187    -0.0934455     0.0934455
  5     0.7378010     0.0000000     0.2527633     0.1122569
  6     0.2527633     0.0000000     0.1252850     0.1103297
  7     0.1252850    -0.0000000     0.0398174     0.0778179
  8     0.0398174     0.0000000    -0.0741471     0.0485187
  9     0.7378010    -0.1122569     0.2527633     0.0000000
 10     0.2527633    -0.1103297     0.1252850     0.0000000
 11     0.1252850    -0.0778179     0.0398174    -0.0000000
 12     0.0398174    -0.0485187    -0.0741471     0.0000000
 13     0.6255440    -0.0125045     0.2546906    -0.1122569
 14     0.2546906    -0.0280694     0.1577967    -0.1103297
 15     0.1577967    -0.0509595     0.0691167    -0.0778179
 16     0.0691167    -0.0934455    -0.0934455    -0.0485187
TIME STEP =        5
----------------------------------------------------
PANEL         L1           L2            L3           L4
  1     0.6344433     0.1139000     0.2651676     0.0088992
  2     0.2651676     0.1110057     0.1726177     0.0193762
  3     0.1726177     0.0764332     0.0895914     0.0341972
  4     0.0895914     0.0445669    -0.0546719     0.0546719
  5     0.7483433    -0.0000000     0.2622732     0.1139000
  6     0.2622732     0.0000000     0.1380452     0.1110057
  7     0.1380452     0.0000000     0.0577252     0.0764332
  8     0.0577252     0.0000000    -0.0507202     0.0445669
  9     0.7483433    -0.1139000     0.2622732    -0.0000000
 10     0.2622732    -0.1110057     0.1380452     0.0000000
 11     0.1380452    -0.0764332     0.0577252     0.0000000
 12     0.0577252    -0.0445669    -0.0507202     0.0000000
 13     0.6344433    -0.0088992     0.2651676    -0.1139000
 14     0.2651676    -0.0193762     0.1726177    -0.1110057
 15     0.1726177    -0.0341972     0.0895914    -0.0764332
 16     0.0895914    -0.0546719    -0.0546719    -0.0445669
TIME STEP =        6
----------------------------------------------------
PANEL         L1           L2            L3           L4
  1     0.6409322     0.1150829     0.2725153     0.0064890
  2     0.2725153     0.1115346     0.1827150     0.0138367
  3     0.1827150     0.0756122     0.1032772     0.0239340
  4     0.1032772     0.0420009    -0.0376198     0.0376198
  5     0.7560151    -0.0000000     0.2689670     0.1150829
  6     0.2689670     0.0000000     0.1467926     0.1115346
  7     0.1467926     0.0000000     0.0696659     0.0756122
  8     0.0696659     0.0000000    -0.0350538     0.0420009
  9     0.7560151    -0.1150829     0.2689670    -0.0000000
 10     0.2689670    -0.1115346     0.1467926     0.0000000
 11     0.1467926    -0.0756122     0.0696659     0.0000000
 12     0.0696659    -0.0420009    -0.0350538     0.0000000
 13     0.6409322    -0.0064890     0.2725153    -0.1150829
 14     0.2725153    -0.0138367     0.1827150    -0.1115346
 15     0.1827150    -0.0239340     0.1032772    -0.0756122
 16     0.1032772    -0.0376198    -0.0376198    -0.0420009
TIME STEP =        7
----------------------------------------------------
PANEL         L1           L2            L3           L4
  1     0.6457361     0.1159401     0.2777921     0.0048039
  2     0.2777921     0.1119072     0.1897461     0.0100807
  3     0.1897461     0.0750626     0.1126384     0.0171118
  4     0.1126384     0.0402389    -0.0264730     0.0264730
  5     0.7616763    -0.0000000     0.2737592     0.1159401
  6     0.2737592    -0.0000000     0.1529014     0.1119072
  7     0.1529014    -0.0000000     0.0778147     0.0750626
  8     0.0778147    -0.0000000    -0.0247110     0.0402389
  9     0.7616763    -0.1159401     0.2737592    -0.0000000
 10     0.2737592    -0.1119072     0.1529014    -0.0000000
 11     0.1529014    -0.0750626     0.0778147    -0.0000000
 12     0.0778147    -0.0402389    -0.0247110    -0.0000000
 13     0.6457361    -0.0048039     0.2777921    -0.1159401
 14     0.2777921    -0.0100807     0.1897461    -0.1119072
 15     0.1897461    -0.0171118     0.1126384    -0.0750626
 16     0.1126384    -0.0264730    -0.0264730    -0.0402389
TIME STEP =        8
----------------------------------------------------
PANEL         L1           L2            L3           L4
  1     0.6493341     0.1165686     0.2816436     0.0035980
  2     0.2816436     0.1121649     0.1947515     0.0074495
  3     0.1947515     0.0746492     0.1190992     0.0124548
  4     0.1190992     0.0390187    -0.0189156     0.0189156
  5     0.7659027     0.0000000     0.2772399     0.1165686
  6     0.2772399     0.0000000     0.1572358     0.1121649
  7     0.1572358     0.0000000     0.0834687     0.0746492
  8     0.0834687     0.0000000    -0.0176954     0.0390187
  9     0.7659027    -0.1165686     0.2772399     0.0000000
 10     0.2772399    -0.1121649     0.1572358     0.0000000
 11     0.1572358    -0.0746492     0.0834687     0.0000000
 12     0.0834687    -0.0390187    -0.0176954     0.0000000
 13     0.6493341    -0.0035980     0.2816436    -0.1165686
 14     0.2816436    -0.0074495     0.1947515    -0.1121649
 15     0.1947515    -0.0124548     0.1190992    -0.0746492
 16     0.1190992    -0.0189156    -0.0189156    -0.0390187
TIME STEP =        9
----------------------------------------------------
PANEL         L1           L2            L3           L4
  1     0.6520581     0.1170356     0.2844926     0.0027240
  2     0.2844926     0.1123457     0.1983761     0.0055730
  3     0.1983761     0.0743296     0.1236653     0.0091977
  4     0.1236653     0.0381215    -0.0137638     0.0137638
  5     0.7690937     0.0000000     0.2798027     0.1170356
  6     0.2798027     0.0000000     0.1603600     0.1123457
  7     0.1603600     0.0000000     0.0874572     0.0743296
  8     0.0874572    -0.0000000    -0.0128666     0.0381215
  9     0.7690937    -0.1170356     0.2798027     0.0000000
 10     0.2798027    -0.1123457     0.1603600     0.0000000
 11     0.1603600    -0.0743296     0.0874572     0.0000000
 12     0.0874572    -0.0381215    -0.0128666    -0.0000000
 13     0.6520581    -0.0027240     0.2844926    -0.1170356
 14     0.2844926    -0.0055730     0.1983761    -0.1123457
 15     0.1983761    -0.0091977     0.1236653    -0.0743296
 16     0.1236653    -0.0137638    -0.0137638    -0.0381215
TIME STEP =       10
----------------------------------------------------
PANEL         L1           L2            L3           L4
  1     0.6541431     0.1173873     0.2866258     0.0020850
  2     0.2866258     0.1124757     0.2010394     0.0042182
  3     0.2010394     0.0740815     0.1269493     0.0068814
  4     0.1269493     0.0374490    -0.0101654     0.0101654
  5     0.7715304    -0.0000000     0.2817141     0.1173873
  6     0.2817141     0.0000000     0.1626452     0.1124757
  7     0.1626452     0.0000000     0.0903168     0.0740815
  8     0.0903168    -0.0000000    -0.0094930     0.0374490
  9     0.7715304    -0.1173873     0.2817141    -0.0000000
 10     0.2817141    -0.1124757     0.1626452     0.0000000
 11     0.1626452    -0.0740815     0.0903168     0.0000000
 12     0.0903168    -0.0374490    -0.0094930    -0.0000000
 13     0.6541431    -0.0020850     0.2866258    -0.1173873
 14     0.2866258    -0.0042182     0.2010394    -0.1124757
 15     0.2010394    -0.0068814     0.1269493    -0.0740815
 16     0.1269493    -0.0101654    -0.0101654    -0.0374490
TIME STEP =       11
----------------------------------------------------
PANEL         L1           L2            L3           L4
  1     0.6557562     0.1176556     0.2882416     0.0016131
  2     0.2882416     0.1125711     0.2030216     0.0032289
  3     0.2030216     0.0738884     0.1293468     0.0052112
  4     0.1293468     0.0369391    -0.0076087     0.0076087
  5     0.7734118    -0.0000000     0.2831571     0.1176556
  6     0.2831571     0.0000000     0.1643390     0.1125711
  7     0.1643390    -0.0000000     0.0923975     0.0738884
  8     0.0923975    -0.0000000    -0.0070987     0.0369391
  9     0.7734118    -0.1176556     0.2831571    -0.0000000
 10     0.2831571    -0.1125711     0.1643390     0.0000000
 11     0.1643390    -0.0738884     0.0923975    -0.0000000
 12     0.0923975    -0.0369391    -0.0070987    -0.0000000
 13     0.6557562    -0.0016131     0.2882416    -0.1176556
 14     0.2882416    -0.0032289     0.2030216    -0.1125711
 15     0.2030216    -0.0052112     0.1293468    -0.0738884
 16     0.1293468    -0.0076087    -0.0076087    -0.0369391
TIME STEP =       12
----------------------------------------------------
PANEL         L1           L2            L3           L4
  1     0.6570174     0.1178625     0.2894791     0.0012612
  2     0.2894791     0.1126424     0.2045147     0.0024987
  3     0.2045147     0.0737375     0.1311205     0.0039917
  4     0.1311205     0.0365485    -0.0057653     0.0057653
  5     0.7748799    -0.0000000     0.2842590     0.1178625
  6     0.2842590     0.0000000     0.1656097     0.1126424
  7     0.1656097     0.0000000     0.0939315     0.0737375
  8     0.0939315    -0.0000000    -0.0053748     0.0365485
  9     0.7748799    -0.1178625     0.2842590    -0.0000000
 10     0.2842590    -0.1126424     0.1656097     0.0000000
 11     0.1656097    -0.0737375     0.0939315     0.0000000
 12     0.0939315    -0.0365485    -0.0053748    -0.0000000
 13     0.6570174    -0.0012612     0.2894791    -0.1178625
 14     0.2894791    -0.0024987     0.2045147    -0.1126424
 15     0.2045147    -0.0039917     0.1311205    -0.0737375
 16     0.1311205    -0.0057653    -0.0057653    -0.0365485
TIME STEP =       13
----------------------------------------------------
PANEL         L1           L2            L3           L4
  1     0.6580136     0.1180239     0.2904371     0.0009962
  2     0.2904371     0.1126964     0.2056519     0.0019542
  3     0.2056519     0.0736187     0.1324485     0.0030914
  4     0.1324485     0.0362467    -0.0044194     0.0044194
  5     0.7760374     0.0000000     0.2851096     0.1180239
  6     0.2851096     0.0000000     0.1665742     0.1126964
  7     0.1665742     0.0000000     0.0950764     0.0736187
  8     0.0950764    -0.0000000    -0.0041176     0.0362467
  9     0.7760374    -0.1180239     0.2851096     0.0000000
 10     0.2851096    -0.1126964     0.1665742     0.0000000
 11     0.1665742    -0.0736187     0.0950764     0.0000000
 12     0.0950764    -0.0362467    -0.0041176    -0.0000000
 13     0.6580136    -0.0009962     0.2904371    -0.1180239
 14     0.2904371    -0.0019542     0.2056519    -0.1126964
 15     0.2056519    -0.0030914     0.1324485    -0.0736187
 16     0.1324485    -0.0044194    -0.0044194    -0.0362467
TIME STEP =       14
----------------------------------------------------
PANEL         L1           L2            L3           L4
  1     0.6588085     0.1181510     0.2911866     0.0007949
  2     0.2911866     0.1127379     0.2065275     0.0015444
  3     0.2065275     0.0735247     0.1334540     0.0024200
  4     0.1334540     0.0360113    -0.0034255     0.0034255
  5     0.7769595     0.0000000     0.2857734     0.1181510
  6     0.2857734     0.0000000     0.1673143     0.1127379
  7     0.1673143    -0.0000000     0.0959406     0.0735247
  8     0.0959406     0.0000000    -0.0031902     0.0360113
  9     0.7769595    -0.1181510     0.2857734     0.0000000
 10     0.2857734    -0.1127379     0.1673143     0.0000000
 11     0.1673143    -0.0735247     0.0959406    -0.0000000
 12     0.0959406    -0.0360113    -0.0031902     0.0000000
 13     0.6588085    -0.0007949     0.2911866    -0.1181510
 14     0.2911866    -0.0015444     0.2065275    -0.1127379
 15     0.2065275    -0.0024200     0.1334540    -0.0735247
 16     0.1334540    -0.0034255    -0.0034255    -0.0360113
TIME STEP =       15
----------------------------------------------------
PANEL         L1           L2            L3           L4
  1     0.6594494     0.1182523     0.2917791     0.0006409
  2     0.2917791     0.1127702     0.2072088     0.0012334
  3     0.2072088     0.0734498     0.1342236     0.0019147
  4     0.1342236     0.0358264    -0.0026843     0.0026843
  5     0.7777017    -0.0000000     0.2862969     0.1182523
  6     0.2862969     0.0000000     0.1678884     0.1127702
  7     0.1678884    -0.0000000     0.0966001     0.0734498
  8     0.0966001     0.0000000    -0.0024993     0.0358264
  9     0.7777017    -0.1182523     0.2862969    -0.0000000
 10     0.2862969    -0.1127702     0.1678884     0.0000000
 11     0.1678884    -0.0734498     0.0966001    -0.0000000
 12     0.0966001    -0.0358264    -0.0024993     0.0000000
 13     0.6594494    -0.0006409     0.2917791    -0.1182523
 14     0.2917791    -0.0012334     0.2072088    -0.1127702
 15     0.2072088    -0.0019147     0.1342236    -0.0734498
 16     0.1342236    -0.0026843    -0.0026843    -0.0358264
TIME STEP =       16
----------------------------------------------------
PANEL         L1           L2            L3           L4
  1     0.6599716     0.1183340     0.2922526     0.0005222
  2     0.2922526     0.1127957     0.2077445     0.0009957
  3     0.2077445     0.0733898     0.1348187     0.0015314
  4     0.1348187     0.0356797    -0.0021266     0.0021266
  5     0.7783056    -0.0000000     0.2867143     0.1183340
  6     0.2867143     0.0000000     0.1683385     0.1127957
  7     0.1683385    -0.0000000     0.0971087     0.0733898
  8     0.0971087     0.0000000    -0.0019800     0.0356797
  9     0.7783056    -0.1183340     0.2867143    -0.0000000
 10     0.2867143    -0.1127957     0.1683385     0.0000000
 11     0.1683385    -0.0733898     0.0971087    -0.0000000
 12     0.0971087    -0.0356797    -0.0019800     0.0000000
 13     0.6599716    -0.0005222     0.2922526    -0.1183340
 14     0.2922526    -0.0009957     0.2077445    -0.1127957
 15     0.2077445    -0.0015314     0.1348187    -0.0733898
 16     0.1348187    -0.0021266    -0.0021266    -0.0356797
TIME STEP =       17
----------------------------------------------------
PANEL         L1           L2            L3           L4
  1     0.6604010     0.1184003     0.2926348     0.0004295
  2     0.2926348     0.1128161     0.2081702     0.0008117
  3     0.2081702     0.0733410     0.1352837     0.0012373
  4     0.1352837     0.0355623    -0.0017023     0.0017023
  5     0.7788014     0.0000000     0.2870505     0.1184003
  6     0.2870505     0.0000000     0.1686951     0.1128161
  7     0.1686951     0.0000000     0.0975050     0.0733410
  8     0.0975050    -0.0000000    -0.0015849     0.0355623
  9     0.7788014    -0.1184003     0.2870505     0.0000000
 10     0.2870505    -0.1128161     0.1686951     0.0000000
 11     0.1686951    -0.0733410     0.0975050     0.0000000
 12     0.0975050    -0.0355623    -0.0015849    -0.0000000
 13     0.6604010    -0.0004295     0.2926348    -0.1184003
 14     0.2926348    -0.0008117     0.2081702    -0.1128161
 15     0.2081702    -0.0012373     0.1352837    -0.0733410
 16     0.1352837    -0.0017023    -0.0017023    -0.0355623
TIME STEP =       18
----------------------------------------------------
PANEL         L1           L2            L3           L4
  1     0.6607564     0.1184545     0.2929459     0.0003554
  2     0.2929459     0.1128320     0.2085115     0.0006665
  3     0.2085115     0.0733007     0.1356509     0.0010078
  4     0.1356509     0.0354671    -0.0013750     0.0013750
  5     0.7792109     0.0000000     0.2873233     0.1184545
  6     0.2873233     0.0000000     0.1689802     0.1128320
  7     0.1689802     0.0000000     0.0978172     0.0733007
  8     0.0978172    -0.0000000    -0.0012797     0.0354671
  9     0.7792109    -0.1184545     0.2873233     0.0000000
 10     0.2873233    -0.1128320     0.1689802     0.0000000
 11     0.1689802    -0.0733007     0.0978172     0.0000000
 12     0.0978172    -0.0354671    -0.0012797    -0.0000000
 13     0.6607564    -0.0003554     0.2929459    -0.1184545
 14     0.2929459    -0.0006665     0.2085115    -0.1128320
 15     0.2085115    -0.0010078     0.1356509    -0.0733007
 16     0.1356509    -0.0013750    -0.0013750    -0.0354671
TIME STEP =       19
----------------------------------------------------
PANEL         L1           L2            L3           L4
  1     0.6610523     0.1184992     0.2932010     0.0002959
  2     0.2932010     0.1128447     0.2087877     0.0005511
  3     0.2087877     0.0732672     0.1359436     0.0008272
  4     0.1359436     0.0353891    -0.0011199     0.0011199
  5     0.7795515     0.0000000     0.2875465     0.1184992
  6     0.2875465     0.0000000     0.1692101     0.1128447
  7     0.1692101    -0.0000000     0.0980655     0.0732672
  8     0.0980655     0.0000000    -0.0010419     0.0353891
  9     0.7795515    -0.1184992     0.2875465     0.0000000
 10     0.2875465    -0.1128447     0.1692101     0.0000000
 11     0.1692101    -0.0732672     0.0980655    -0.0000000
 12     0.0980655    -0.0353891    -0.0010419     0.0000000
 13     0.6610523    -0.0002959     0.2932010    -0.1184992
 14     0.2932010    -0.0005511     0.2087877    -0.1128447
 15     0.2087877    -0.0008272     0.1359436    -0.0732672
 16     0.1359436    -0.0011199    -0.0011199    -0.0353891
TIME STEP =       20
----------------------------------------------------
PANEL         L1           L2            L3           L4
  1     0.6613010     0.1185364     0.2934119     0.0002486
  2     0.2934119     0.1128551     0.2090129     0.0004596
  3     0.2090129     0.0732394     0.1361788     0.0006848
  4     0.1361788     0.0353250    -0.0009201     0.0009201
  5     0.7798373     0.0000000     0.2877307     0.1185364
  6     0.2877307     0.0000000     0.1693972     0.1128551
  7     0.1693972     0.0000000     0.0982645     0.0732394
  8     0.0982645     0.0000000    -0.0008560     0.0353250
  9     0.7798373    -0.1185364     0.2877307     0.0000000
 10     0.2877307    -0.1128551     0.1693972     0.0000000
 11     0.1693972    -0.0732394     0.0982645     0.0000000
 12     0.0982645    -0.0353250    -0.0008560     0.0000000
 13     0.6613010    -0.0002486     0.2934119    -0.1185364
 14     0.2934119    -0.0004596     0.2090129    -0.1128551
 15     0.2090129    -0.0006848     0.1361788    -0.0732394
 16     0.1361788    -0.0009201    -0.0009201    -0.0353250
TIME STEP =       21
----------------------------------------------------
PANEL         L1           L2            L3           L4
  1     0.6615119     0.1185677     0.2935879     0.0002109
  2     0.2935879     0.1128639     0.2091982     0.0003869
  3     0.2091982     0.0732164     0.1363695     0.0005722
  4     0.1363695     0.0352722    -0.0007628     0.0007628
  5     0.7800795     0.0000000     0.2878841     0.1185677
  6     0.2878841     0.0000000     0.1695507     0.1128639
  7     0.1695507     0.0000000     0.0984253     0.0732164
  8     0.0984253     0.0000000    -0.0007100     0.0352722
  9     0.7800795    -0.1185677     0.2878841     0.0000000
 10     0.2878841    -0.1128639     0.1695507     0.0000000
 11     0.1695507    -0.0732164     0.0984253     0.0000000
 12     0.0984253    -0.0352722    -0.0007100     0.0000000
 13     0.6615119    -0.0002109     0.2935879    -0.1185677
 14     0.2935879    -0.0003869     0.2091982    -0.1128639
 15     0.2091982    -0.0005722     0.1363695    -0.0732164
 16     0.1363695    -0.0007628    -0.0007628    -0.0352722
TIME STEP =       22
----------------------------------------------------
PANEL         L1           L2            L3           L4
  1     0.6616919     0.1185941     0.2937359     0.0001800
  2     0.2937359     0.1128711     0.2093520     0.0003280
  3     0.2093520     0.0731969     0.1365253     0.0004818
  4     0.1365253     0.0352281    -0.0006376     0.0006376
  5     0.7802860    -0.0000000     0.2880129     0.1185941
  6     0.2880129     0.0000000     0.1696777     0.1128711
  7     0.1696777    -0.0000000     0.0985565     0.0731969
  8     0.0985565     0.0000000    -0.0005935     0.0352281
  9     0.7802860    -0.1185941     0.2880129    -0.0000000
 10     0.2880129    -0.1128711     0.1696777     0.0000000
 11     0.1696777    -0.0731969     0.0985565    -0.0000000
 12     0.0985565    -0.0352281    -0.0005935     0.0000000
 13     0.6616919    -0.0001800     0.2937359    -0.1185941
 14     0.2937359    -0.0003280     0.2093520    -0.1128711
 15     0.2093520    -0.0004818     0.1365253    -0.0731969
 16     0.1365253    -0.0006376    -0.0006376    -0.0352281
TIME STEP =       23
----------------------------------------------------
PANEL         L1           L2            L3           L4
  1     0.6618462     0.1186165     0.2938612     0.0001543
  2     0.2938612     0.1128770     0.2094804     0.0002796
  3     0.2094804     0.0731802     0.1366538     0.0004081
  4     0.1366538     0.0351909    -0.0005366     0.0005366
  5     0.7804628    -0.0000000     0.2881217     0.1186165
  6     0.2881217     0.0000000     0.1697837     0.1128770
  7     0.1697837    -0.0000000     0.0986645     0.0731802
  8     0.0986645     0.0000000    -0.0004994     0.0351909
  9     0.7804628    -0.1186165     0.2881217    -0.0000000
 10     0.2881217    -0.1128770     0.1697837     0.0000000
 11     0.1697837    -0.0731802     0.0986645    -0.0000000
 12     0.0986645    -0.0351909    -0.0004994     0.0000000
 13     0.6618462    -0.0001543     0.2938612    -0.1186165
 14     0.2938612    -0.0002796     0.2094804    -0.1128770
 15     0.2094804    -0.0004081     0.1366538    -0.0731802
 16     0.1366538    -0.0005366    -0.0005366    -0.0351909
TIME STEP =       24
----------------------------------------------------
PANEL         L1           L2            L3           L4
  1     0.6619793     0.1186357     0.2939679     0.0001331
  2     0.2939679     0.1128819     0.2095886     0.0002398
  3     0.2095886     0.0731659     0.1367605     0.0003479
  4     0.1367605     0.0351594    -0.0004547     0.0004547
  5     0.7806150    -0.0000000     0.2882141     0.1186357
  6     0.2882141     0.0000000     0.1698726     0.1128819
  7     0.1698726    -0.0000000     0.0987540     0.0731659
  8     0.0987540     0.0000000    -0.0004231     0.0351594
  9     0.7806150    -0.1186357     0.2882141    -0.0000000
 10     0.2882141    -0.1128819     0.1698726     0.0000000
 11     0.1698726    -0.0731659     0.0987540    -0.0000000
 12     0.0987540    -0.0351594    -0.0004231     0.0000000
 13     0.6619793    -0.0001331     0.2939679    -0.1186357
 14     0.2939679    -0.0002398     0.2095886    -0.1128819
 15     0.2095886    -0.0003479     0.1367605    -0.0731659
 16     0.1367605    -0.0004547    -0.0004547    -0.0351594
TIME STEP =       25
----------------------------------------------------
PANEL         L1           L2            L3           L4
  1     0.6620949     0.1186522     0.2940594     0.0001155
  2     0.2940594     0.1128861     0.2096803     0.0002070
  3     0.2096803     0.0731537     0.1368498     0.0002987
  4     0.1368498     0.0351325    -0.0003880     0.0003880
  5     0.7807471    -0.0000000     0.2882932     0.1186522
  6     0.2882932     0.0000000     0.1699479     0.1128861
  7     0.1699479     0.0000000     0.0988287     0.0731537
  8     0.0988287    -0.0000000    -0.0003611     0.0351325
  9     0.7807471    -0.1186522     0.2882932    -0.0000000
 10     0.2882932    -0.1128861     0.1699479     0.0000000
 11     0.1699479    -0.0731537     0.0988287     0.0000000
 12     0.0988287    -0.0351325    -0.0003611    -0.0000000
 13     0.6620949    -0.0001155     0.2940594    -0.1186522
 14     0.2940594    -0.0002070     0.2096803    -0.1128861
 15     0.2096803    -0.0002987     0.1368498    -0.0731537
 16     0.1368498    -0.0003880    -0.0003880    -0.0351325
TIME STEP =       26
----------------------------------------------------
PANEL         L1           L2            L3           L4
  1     0.6621959     0.1186666     0.2941383     0.0001010
  2     0.2941383     0.1128897     0.2097585     0.0001800
  3     0.2097585     0.0731432     0.1369250     0.0002582
  4     0.1369250     0.0351096    -0.0003334     0.0003334
  5     0.7808625    -0.0000000     0.2883614     0.1186666
  6     0.2883614     0.0000000     0.1700119     0.1128897
  7     0.1700119     0.0000000     0.0988915     0.0731432
  8     0.0988915     0.0000000    -0.0003104     0.0351096
  9     0.7808625    -0.1186666     0.2883614    -0.0000000
 10     0.2883614    -0.1128897     0.1700119     0.0000000
 11     0.1700119    -0.0731432     0.0988915     0.0000000
 12     0.0988915    -0.0351096    -0.0003104     0.0000000
 13     0.6621959    -0.0001010     0.2941383    -0.1186666
 14     0.2941383    -0.0001800     0.2097585    -0.1128897
 15     0.2097585    -0.0002582     0.1369250    -0.0731432
 16     0.1369250    -0.0003334    -0.0003334    -0.0351096
TIME STEP =       27
----------------------------------------------------
PANEL         L1           L2            L3           L4
  1     0.6622848     0.1186791     0.2942069     0.0000889
  2     0.2942069     0.1128929     0.2098257     0.0001575
  3     0.2098257     0.0731341     0.1369887     0.0002247
  4     0.1369887     0.0350899    -0.0002885     0.0002885
  5     0.7809639     0.0000000     0.2884207     0.1186791
  6     0.2884207     0.0000000     0.1700669     0.1128929
  7     0.1700669     0.0000000     0.0989446     0.0731341
  8     0.0989446     0.0000000    -0.0002688     0.0350899
  9     0.7809639    -0.1186791     0.2884207     0.0000000
 10     0.2884207    -0.1128929     0.1700669     0.0000000
 11     0.1700669    -0.0731341     0.0989446     0.0000000
 12     0.0989446    -0.0350899    -0.0002688     0.0000000
 13     0.6622848    -0.0000889     0.2942069    -0.1186791
 14     0.2942069    -0.0001575     0.2098257    -0.1128929
 15     0.2098257    -0.0002247     0.1369887    -0.0731341
 16     0.1369887    -0.0002885    -0.0002885    -0.0350899
TIME STEP =       28
----------------------------------------------------
PANEL         L1           L2            L3           L4
  1     0.6623635     0.1186902     0.2942670     0.0000787
  2     0.2942670     0.1128956     0.2098838     0.0001388
  3     0.2098838     0.0731261     0.1370431     0.0001970
  4     0.1370431     0.0350728    -0.0002514     0.0002514
  5     0.7810537    -0.0000000     0.2884724     0.1186902
  6     0.2884724     0.0000000     0.1701143     0.1128956
  7     0.1701143     0.0000000     0.0989898     0.0731261
  8     0.0989898    -0.0000000    -0.0002343     0.0350728
  9     0.7810537    -0.1186902     0.2884724    -0.0000000
 10     0.2884724    -0.1128956     0.1701143     0.0000000
 11     0.1701143    -0.0731261     0.0989898     0.0000000
 12     0.0989898    -0.0350728    -0.0002343    -0.0000000
 13     0.6623635    -0.0000787     0.2942670    -0.1186902
 14     0.2942670    -0.0001388     0.2098838    -0.1128956
 15     0.2098838    -0.0001970     0.1370431    -0.0731261
 16     0.1370431    -0.0002514    -0.0002514    -0.0350728
TIME STEP =       29
----------------------------------------------------
PANEL         L1           L2            L3           L4
  1     0.6624337     0.1186999     0.2943199     0.0000701
  2     0.2943199     0.1128980     0.2099345     0.0001230
  3     0.2099345     0.0731191     0.1370899     0.0001737
  4     0.1370899     0.0350579    -0.0002205     0.0002205
  5     0.7811336    -0.0000000     0.2885180     0.1186999
  6     0.2885180     0.0000000     0.1701556     0.1128980
  7     0.1701556    -0.0000000     0.0990287     0.0731191
  8     0.0990287     0.0000000    -0.0002055     0.0350579
  9     0.7811336    -0.1186999     0.2885180    -0.0000000
 10     0.2885180    -0.1128980     0.1701556     0.0000000
 11     0.1701556    -0.0731191     0.0990287    -0.0000000
 12     0.0990287    -0.0350579    -0.0002055     0.0000000
 13     0.6624337    -0.0000701     0.2943199    -0.1186999
 14     0.2943199    -0.0001230     0.2099345    -0.1128980
 15     0.2099345    -0.0001737     0.1370899    -0.0731191
 16     0.1370899    -0.0002205    -0.0002205    -0.0350579
TIME STEP =       30
----------------------------------------------------
PANEL         L1           L2            L3           L4
  1     0.6624964     0.1187086     0.2943668     0.0000627
  2     0.2943668     0.1129001     0.2099788     0.0001096
  3     0.2099788     0.0731130     0.1371304     0.0001540
  4     0.1371304     0.0350448    -0.0001945     0.0001945
  5     0.7812050    -0.0000000     0.2885583     0.1187086
  6     0.2885583     0.0000000     0.1701917     0.1129001
  7     0.1701917    -0.0000000     0.0990622     0.0731130
  8     0.0990622     0.0000000    -0.0001814     0.0350448
  9     0.7812050    -0.1187086     0.2885583    -0.0000000
 10     0.2885583    -0.1129001     0.1701917     0.0000000
 11     0.1701917    -0.0731130     0.0990622    -0.0000000
 12     0.0990622    -0.0350448    -0.0001814     0.0000000
 13     0.6624964    -0.0000627     0.2943668    -0.1187086
 14     0.2943668    -0.0001096     0.2099788    -0.1129001
 15     0.2099788    -0.0001540     0.1371304    -0.0731130
 16     0.1371304    -0.0001945    -0.0001945    -0.0350448
TIME STEP =       31
----------------------------------------------------
PANEL         L1           L2            L3           L4
  1     0.6625527     0.1187163     0.2944085     0.0000563
  2     0.2944085     0.1129019     0.2100180     0.0000980
  3     0.2100180     0.0731074     0.1371657     0.0001372
  4     0.1371657     0.0350332    -0.0001724     0.0001724
  5     0.7812691    -0.0000000     0.2885940     0.1187163
  6     0.2885940     0.0000000     0.1702235     0.1129019
  7     0.1702235     0.0000000     0.0990915     0.0731074
  8     0.0990915    -0.0000000    -0.0001608     0.0350332
  9     0.7812691    -0.1187163     0.2885940    -0.0000000
 10     0.2885940    -0.1129019     0.1702235     0.0000000
 11     0.1702235    -0.0731074     0.0990915     0.0000000
 12     0.0990915    -0.0350332    -0.0001608    -0.0000000
 13     0.6625527    -0.0000563     0.2944085    -0.1187163
 14     0.2944085    -0.0000980     0.2100180    -0.1129019
 15     0.2100180    -0.0001372     0.1371657    -0.0731074
 16     0.1371657    -0.0001724    -0.0001724    -0.0350332
TIME STEP =       32
----------------------------------------------------
PANEL         L1           L2            L3           L4
  1     0.6626033     0.1187232     0.2944457     0.0000506
  2     0.2944457     0.1129034     0.2100526     0.0000878
  3     0.2100526     0.0731024     0.1371966     0.0001224
  4     0.1371966     0.0350228    -0.0001534     0.0001534
  5     0.7813265    -0.0000000     0.2886259     0.1187232
  6     0.2886259     0.0000000     0.1702516     0.1129034
  7     0.1702516     0.0000000     0.0991171     0.0731024
  8     0.0991171    -0.0000000    -0.0001430     0.0350228
  9     0.7813265    -0.1187232     0.2886259    -0.0000000
 10     0.2886259    -0.1129034     0.1702516     0.0000000
 11     0.1702516    -0.0731024     0.0991171     0.0000000
 12     0.0991171    -0.0350228    -0.0001430    -0.0000000
 13     0.6626033    -0.0000506     0.2944457    -0.1187232
 14     0.2944457    -0.0000878     0.2100526    -0.1129034
 15     0.2100526    -0.0001224     0.1371966    -0.0731024
 16     0.1371966    -0.0001534    -0.0001534    -0.0350228
TIME STEP =       33
----------------------------------------------------
PANEL         L1           L2            L3           L4
  1     0.6626489     0.1187294     0.2944791     0.0000457
  2     0.2944791     0.1129047     0.2100834     0.0000790
  3     0.2100834     0.0730978     0.1372239     0.0001098
  4     0.1372239     0.0350135    -0.0001371     0.0001371
  5     0.7813783    -0.0000000     0.2886544     0.1187294
  6     0.2886544    -0.0000000     0.1702765     0.1129047
  7     0.1702765     0.0000000     0.0991396     0.0730978
  8     0.0991396     0.0000000    -0.0001278     0.0350135
  9     0.7813783    -0.1187294     0.2886544    -0.0000000
 10     0.2886544    -0.1129047     0.1702765    -0.0000000
 11     0.1702765    -0.0730978     0.0991396     0.0000000
 12     0.0991396    -0.0350135    -0.0001278     0.0000000
 13     0.6626489    -0.0000457     0.2944791    -0.1187294
 14     0.2944791    -0.0000790     0.2100834    -0.1129047
 15     0.2100834    -0.0001098     0.1372239    -0.0730978
 16     0.1372239    -0.0001371    -0.0001371    -0.0350135
TIME STEP =       34
----------------------------------------------------
PANEL         L1           L2            L3           L4
  1     0.6626903     0.1187350     0.2945091     0.0000414
  2     0.2945091     0.1129060     0.2101109     0.0000714
  3     0.2101109     0.0730938     0.1372480     0.0000989
  4     0.1372480     0.0350052    -0.0001230     0.0001230
  5     0.7814254    -0.0000000     0.2886801     0.1187350
  6     0.2886801     0.0000000     0.1702988     0.1129060
  7     0.1702988     0.0000000     0.0991594     0.0730938
  8     0.0991594    -0.0000000    -0.0001147     0.0350052
  9     0.7814254    -0.1187350     0.2886801    -0.0000000
 10     0.2886801    -0.1129060     0.1702988     0.0000000
 11     0.1702988    -0.0730938     0.0991594     0.0000000
 12     0.0991594    -0.0350052    -0.0001147    -0.0000000
 13     0.6626903    -0.0000414     0.2945091    -0.1187350
 14     0.2945091    -0.0000714     0.2101109    -0.1129060
 15     0.2101109    -0.0000989     0.1372480    -0.0730938
 16     0.1372480    -0.0001230    -0.0001230    -0.0350052
TIME STEP =       35
----------------------------------------------------
PANEL         L1           L2            L3           L4
  1     0.6627280     0.1187401     0.2945362     0.0000377
  2     0.2945362     0.1129070     0.2101356     0.0000648
  3     0.2101356     0.0730901     0.1372694     0.0000894
  4     0.1372694     0.0349978    -0.0001109     0.0001109
  5     0.7814681    -0.0000000     0.2887032     0.1187401
  6     0.2887032     0.0000000     0.1703187     0.1129070
  7     0.1703187     0.0000000     0.0991770     0.0730901
  8     0.0991770    -0.0000000    -0.0001034     0.0349978
  9     0.7814681    -0.1187401     0.2887032    -0.0000000
 10     0.2887032    -0.1129070     0.1703187     0.0000000
 11     0.1703187    -0.0730901     0.0991770     0.0000000
 12     0.0991770    -0.0349978    -0.0001034    -0.0000000
 13     0.6627280    -0.0000377     0.2945362    -0.1187401
 14     0.2945362    -0.0000648     0.2101356    -0.1129070
 15     0.2101356    -0.0000894     0.1372694    -0.0730901
 16     0.1372694    -0.0001109    -0.0001109    -0.0349978
TIME STEP =       36
----------------------------------------------------
PANEL         L1           L2            L3           L4
  1     0.6627625     0.1187447     0.2945608     0.0000345
  2     0.2945608     0.1129080     0.2101578     0.0000591
  3     0.2101578     0.0730868     0.1372885     0.0000813
  4     0.1372885     0.0349911    -0.0001003     0.0001003
  5     0.7815072     0.0000000     0.2887242     0.1187447
  6     0.2887242     0.0000000     0.1703366     0.1129080
  7     0.1703366    -0.0000000     0.0991927     0.0730868
  8     0.0991927    -0.0000000    -0.0000936     0.0349911
  9     0.7815072    -0.1187447     0.2887242     0.0000000
 10     0.2887242    -0.1129080     0.1703366     0.0000000
 11     0.1703366    -0.0730868     0.0991927    -0.0000000
 12     0.0991927    -0.0349911    -0.0000936    -0.0000000
 13     0.6627625    -0.0000345     0.2945608    -0.1187447
 14     0.2945608    -0.0000591     0.2101578    -0.1129080
 15     0.2101578    -0.0000813     0.1372885    -0.0730868
 16     0.1372885    -0.0001003    -0.0001003    -0.0349911
TIME STEP =       37
----------------------------------------------------
PANEL         L1           L2            L3           L4
  1     0.6627939     0.1187489     0.2945832     0.0000314
  2     0.2945832     0.1129089     0.2101778     0.0000538
  3     0.2101778     0.0730838     0.1373056     0.0000739
  4     0.1373056     0.0349849    -0.0000910     0.0000910
  5     0.7815428     0.0000000     0.2887432     0.1187489
  6     0.2887432     0.0000000     0.1703527     0.1129089
  7     0.1703527     0.0000000     0.0992068     0.0730838
  8     0.0992068     0.0000000    -0.0000849     0.0349849
  9     0.7815428    -0.1187489     0.2887432     0.0000000
 10     0.2887432    -0.1129089     0.1703527     0.0000000
 11     0.1703527    -0.0730838     0.0992068     0.0000000
 12     0.0992068    -0.0349849    -0.0000849     0.0000000
 13     0.6627939    -0.0000314     0.2945832    -0.1187489
 14     0.2945832    -0.0000538     0.2101778    -0.1129089
 15     0.2101778    -0.0000739     0.1373056    -0.0730838
 16     0.1373056    -0.0000910    -0.0000910    -0.0349849
TIME STEP =       38
----------------------------------------------------
PANEL         L1           L2            L3           L4
  1     0.6628227     0.1187527     0.2946036     0.0000288
  2     0.2946036     0.1129097     0.2101960     0.0000492
  3     0.2101960     0.0730810     0.1373210     0.0000674
  4     0.1373210     0.0349794    -0.0000828     0.0000828
  5     0.7815754    -0.0000000     0.2887606     0.1187527
  6     0.2887606     0.0000000     0.1703674     0.1129097
  7     0.1703674     0.0000000     0.0992194     0.0730810
  8     0.0992194     0.0000000    -0.0000773     0.0349794
  9     0.7815754    -0.1187527     0.2887606    -0.0000000
 10     0.2887606    -0.1129097     0.1703674     0.0000000
 11     0.1703674    -0.0730810     0.0992194     0.0000000
 12     0.0992194    -0.0349794    -0.0000773     0.0000000
 13     0.6628227    -0.0000288     0.2946036    -0.1187527
 14     0.2946036    -0.0000492     0.2101960    -0.1129097
 15     0.2101960    -0.0000674     0.1373210    -0.0730810
 16     0.1373210    -0.0000828    -0.0000828    -0.0349794
TIME STEP =       39
----------------------------------------------------
PANEL         L1           L2            L3           L4
  1     0.6628493     0.1187562     0.2946222     0.0000265
  2     0.2946222     0.1129104     0.2102125     0.0000452
  3     0.2102125     0.0730785     0.1373349     0.0000617
  4     0.1373349     0.0349743    -0.0000756     0.0000756
  5     0.7816055    -0.0000000     0.2887764     0.1187562
  6     0.2887764     0.0000000     0.1703806     0.1129104
  7     0.1703806    -0.0000000     0.0992308     0.0730785
  8     0.0992308     0.0000000    -0.0000706     0.0349743
  9     0.7816055    -0.1187562     0.2887764    -0.0000000
 10     0.2887764    -0.1129104     0.1703806     0.0000000
 11     0.1703806    -0.0730785     0.0992308    -0.0000000
 12     0.0992308    -0.0349743    -0.0000706     0.0000000
 13     0.6628493    -0.0000265     0.2946222    -0.1187562
 14     0.2946222    -0.0000452     0.2102125    -0.1129104
 15     0.2102125    -0.0000617     0.1373349    -0.0730785
 16     0.1373349    -0.0000756    -0.0000756    -0.0349743
TIME STEP =       40
----------------------------------------------------
PANEL         L1           L2            L3           L4
  1     0.6628736     0.1187594     0.2946393     0.0000244
  2     0.2946393     0.1129110     0.2102276     0.0000415
  3     0.2102276     0.0730761     0.1373475     0.0000565
  4     0.1373475     0.0349697    -0.0000691     0.0000691
  5     0.7816330    -0.0000000     0.2887909     0.1187594
  6     0.2887909    -0.0000000     0.1703927     0.1129110
  7     0.1703927     0.0000000     0.0992411     0.0730761
  8     0.0992411    -0.0000000    -0.0000645     0.0349697
  9     0.7816330    -0.1187594     0.2887909    -0.0000000
 10     0.2887909    -0.1129110     0.1703927    -0.0000000
 11     0.1703927    -0.0730761     0.0992411     0.0000000
 12     0.0992411    -0.0349697    -0.0000645    -0.0000000
 13     0.6628736    -0.0000244     0.2946393    -0.1187594
 14     0.2946393    -0.0000415     0.2102276    -0.1129110
 15     0.2102276    -0.0000565     0.1373475    -0.0730761
 16     0.1373475    -0.0000691    -0.0000691    -0.0349697
TIME STEP =       41
----------------------------------------------------
PANEL         L1           L2            L3           L4
  1     0.6628961     0.1187623     0.2946550     0.0000224
  2     0.2946550     0.1129115     0.2102414     0.0000381
  3     0.2102414     0.0730739     0.1373590     0.0000518
  4     0.1373590     0.0349654    -0.0000633     0.0000633
  5     0.7816584     0.0000000     0.2888042     0.1187623
  6     0.2888042     0.0000000     0.1704038     0.1129115
  7     0.1704038     0.0000000     0.0992505     0.0730739
  8     0.0992505    -0.0000000    -0.0000590     0.0349654
  9     0.7816584    -0.1187623     0.2888042     0.0000000
 10     0.2888042    -0.1129115     0.1704038     0.0000000
 11     0.1704038    -0.0730739     0.0992505     0.0000000
 12     0.0992505    -0.0349654    -0.0000590    -0.0000000
 13     0.6628961    -0.0000224     0.2946550    -0.1187623
 14     0.2946550    -0.0000381     0.2102414    -0.1129115
 15     0.2102414    -0.0000518     0.1373590    -0.0730739
 16     0.1373590    -0.0000633    -0.0000633    -0.0349654
TIME STEP =       42
----------------------------------------------------
PANEL         L1           L2            L3           L4
  1     0.6629169     0.1187651     0.2946694     0.0000208
  2     0.2946694     0.1129121     0.2102540     0.0000353
  3     0.2102540     0.0730719     0.1373694     0.0000479
  4     0.1373694     0.0349616    -0.0000582     0.0000582
  5     0.7816819    -0.0000000     0.2888164     0.1187651
  6     0.2888164     0.0000000     0.1704139     0.1129121
  7     0.1704139     0.0000000     0.0992590     0.0730719
  8     0.0992590     0.0000000    -0.0000544     0.0349616
  9     0.7816819    -0.1187651     0.2888164    -0.0000000
 10     0.2888164    -0.1129121     0.1704139     0.0000000
 11     0.1704139    -0.0730719     0.0992590     0.0000000
 12     0.0992590    -0.0349616    -0.0000544     0.0000000
 13     0.6629169    -0.0000208     0.2946694    -0.1187651
 14     0.2946694    -0.0000353     0.2102540    -0.1129121
 15     0.2102540    -0.0000479     0.1373694    -0.0730719
 16     0.1373694    -0.0000582    -0.0000582    -0.0349616
TIME STEP =       43
----------------------------------------------------
PANEL         L1           L2            L3           L4
  1     0.6629363     0.1187676     0.2946828     0.0000195
  2     0.2946828     0.1129126     0.2102655     0.0000328
  3     0.2102655     0.0730701     0.1373788     0.0000444
  4     0.1373788     0.0349580    -0.0000539     0.0000539
  5     0.7817039     0.0000000     0.2888278     0.1187676
  6     0.2888278     0.0000000     0.1704231     0.1129126
  7     0.1704231     0.0000000     0.0992667     0.0730701
  8     0.0992667     0.0000000    -0.0000503     0.0349580
  9     0.7817039    -0.1187676     0.2888278     0.0000000
 10     0.2888278    -0.1129126     0.1704231     0.0000000
 11     0.1704231    -0.0730701     0.0992667     0.0000000
 12     0.0992667    -0.0349580    -0.0000503     0.0000000
 13     0.6629363    -0.0000195     0.2946828    -0.1187676
 14     0.2946828    -0.0000328     0.2102655    -0.1129126
 15     0.2102655    -0.0000444     0.1373788    -0.0730701
 16     0.1373788    -0.0000539    -0.0000539    -0.0349580
TIME STEP =       44
----------------------------------------------------
PANEL         L1           L2            L3           L4
  1     0.6629544     0.1187699     0.2946952     0.0000181
  2     0.2946952     0.1129130     0.2102762     0.0000305
  3     0.2102762     0.0730684     0.1373875     0.0000412
  4     0.1373875     0.0349547    -0.0000499     0.0000499
  5     0.7817244     0.0000000     0.2888383     0.1187699
  6     0.2888383     0.0000000     0.1704317     0.1129130
  7     0.1704317     0.0000000     0.0992738     0.0730684
  8     0.0992738     0.0000000    -0.0000466     0.0349547
  9     0.7817244    -0.1187699     0.2888383     0.0000000
 10     0.2888383    -0.1129130     0.1704317     0.0000000
 11     0.1704317    -0.0730684     0.0992738     0.0000000
 12     0.0992738    -0.0349547    -0.0000466     0.0000000
 13     0.6629544    -0.0000181     0.2946952    -0.1187699
 14     0.2946952    -0.0000305     0.2102762    -0.1129130
 15     0.2102762    -0.0000412     0.1373875    -0.0730684
 16     0.1373875    -0.0000499    -0.0000499    -0.0349547
TIME STEP =       45
----------------------------------------------------
PANEL         L1           L2            L3           L4
  1     0.6629713     0.1187721     0.2947068     0.0000168
  2     0.2947068     0.1129133     0.2102861     0.0000284
  3     0.2102861     0.0730668     0.1373955     0.0000383
  4     0.1373955     0.0349516    -0.0000463     0.0000463
  5     0.7817434     0.0000000     0.2888480     0.1187721
  6     0.2888480     0.0000000     0.1704396     0.1129133
  7     0.1704396     0.0000000     0.0992803     0.0730668
  8     0.0992803     0.0000000    -0.0000432     0.0349516
  9     0.7817434    -0.1187721     0.2888480     0.0000000
 10     0.2888480    -0.1129133     0.1704396     0.0000000
 11     0.1704396    -0.0730668     0.0992803     0.0000000
 12     0.0992803    -0.0349516    -0.0000432     0.0000000
 13     0.6629713    -0.0000168     0.2947068    -0.1187721
 14     0.2947068    -0.0000284     0.2102861    -0.1129133
 15     0.2102861    -0.0000383     0.1373955    -0.0730668
 16     0.1373955    -0.0000463    -0.0000463    -0.0349516
TIME STEP =       46
----------------------------------------------------
PANEL         L1           L2            L3           L4
  1     0.6629870     0.1187741     0.2947175     0.0000157
  2     0.2947175     0.1129137     0.2102953     0.0000264
  3     0.2102953     0.0730653     0.1374029     0.0000356
  4     0.1374029     0.0349487    -0.0000430     0.0000430
  5     0.7817611    -0.0000000     0.2888571     0.1187741
  6     0.2888571     0.0000000     0.1704469     0.1129137
  7     0.1704469    -0.0000000     0.0992863     0.0730653
  8     0.0992863    -0.0000000    -0.0000401     0.0349487
  9     0.7817611    -0.1187741     0.2888571    -0.0000000
 10     0.2888571    -0.1129137     0.1704469     0.0000000
 11     0.1704469    -0.0730653     0.0992863    -0.0000000
 12     0.0992863    -0.0349487    -0.0000401    -0.0000000
 13     0.6629870    -0.0000157     0.2947175    -0.1187741
 14     0.2947175    -0.0000264     0.2102953    -0.1129137
 15     0.2102953    -0.0000356     0.1374029    -0.0730653
 16     0.1374029    -0.0000430    -0.0000430    -0.0349487
TIME STEP =       47
----------------------------------------------------
PANEL         L1           L2            L3           L4
  1     0.6630016     0.1187760     0.2947275     0.0000146
  2     0.2947275     0.1129140     0.2103038     0.0000246
  3     0.2103038     0.0730639     0.1374097     0.0000331
  4     0.1374097     0.0349461    -0.0000399     0.0000399
  5     0.7817776     0.0000000     0.2888655     0.1187760
  6     0.2888655     0.0000000     0.1704537     0.1129140
  7     0.1704537    -0.0000000     0.0992918     0.0730639
  8     0.0992918     0.0000000    -0.0000372     0.0349461
  9     0.7817776    -0.1187760     0.2888655     0.0000000
 10     0.2888655    -0.1129140     0.1704537     0.0000000
 11     0.1704537    -0.0730639     0.0992918    -0.0000000
 12     0.0992918    -0.0349461    -0.0000372     0.0000000
 13     0.6630016    -0.0000146     0.2947275    -0.1187760
 14     0.2947275    -0.0000246     0.2103038    -0.1129140
 15     0.2103038    -0.0000331     0.1374097    -0.0730639
 16     0.1374097    -0.0000399    -0.0000399    -0.0349461
TIME STEP =       48
----------------------------------------------------
PANEL         L1           L2            L3           L4
  1     0.6630152     0.1187778     0.2947368     0.0000136
  2     0.2947368     0.1129143     0.2103117     0.0000229
  3     0.2103117     0.0730626     0.1374160     0.0000307
  4     0.1374160     0.0349436    -0.0000371     0.0000371
  5     0.7817929    -0.0000000     0.2888733     0.1187778
  6     0.2888733     0.0000000     0.1704600     0.1129143
  7     0.1704600     0.0000000     0.0992970     0.0730626
  8     0.0992970     0.0000000    -0.0000346     0.0349436
  9     0.7817929    -0.1187778     0.2888733    -0.0000000
 10     0.2888733    -0.1129143     0.1704600     0.0000000
 11     0.1704600    -0.0730626     0.0992970     0.0000000
 12     0.0992970    -0.0349436    -0.0000346     0.0000000
 13     0.6630152    -0.0000136     0.2947368    -0.1187778
 14     0.2947368    -0.0000229     0.2103117    -0.1129143
 15     0.2103117    -0.0000307     0.1374160    -0.0730626
 16     0.1374160    -0.0000371    -0.0000371    -0.0349436
TIME STEP =       49
----------------------------------------------------
PANEL         L1           L2            L3           L4
  1     0.6630278     0.1187794     0.2947454     0.0000126
  2     0.2947454     0.1129146     0.2103190     0.0000212
  3     0.2103190     0.0730614     0.1374219     0.0000286
  4     0.1374219     0.0349412    -0.0000344     0.0000344
  5     0.7818072    -0.0000000     0.2888805     0.1187794
  6     0.2888805     0.0000000     0.1704658     0.1129146
  7     0.1704658     0.0000000     0.0993017     0.0730614
  8     0.0993017     0.0000000    -0.0000321     0.0349412
  9     0.7818072    -0.1187794     0.2888805    -0.0000000
 10     0.2888805    -0.1129146     0.1704658     0.0000000
 11     0.1704658    -0.0730614     0.0993017     0.0000000
 12     0.0993017    -0.0349412    -0.0000321     0.0000000
 13     0.6630278    -0.0000126     0.2947454    -0.1187794
 14     0.2947454    -0.0000212     0.2103190    -0.1129146
 15     0.2103190    -0.0000286     0.1374219    -0.0730614
 16     0.1374219    -0.0000344    -0.0000344    -0.0349412
TIME STEP =       50
----------------------------------------------------
PANEL         L1           L2            L3           L4
  1     0.6630396     0.1187809     0.2947533     0.0000118
  2     0.2947533     0.1129148     0.2103258     0.0000197
  3     0.2103258     0.0730602     0.1374273     0.0000265
  4     0.1374273     0.0349391    -0.0000320     0.0000320
  5     0.7818205     0.0000000     0.2888873     0.1187809
  6     0.2888873     0.0000000     0.1704712     0.1129148
  7     0.1704712    -0.0000000     0.0993061     0.0730602
  8     0.0993061     0.0000000    -0.0000298     0.0349391
  9     0.7818205    -0.1187809     0.2888873     0.0000000
 10     0.2888873    -0.1129148     0.1704712     0.0000000
 11     0.1704712    -0.0730602     0.0993061    -0.0000000
 12     0.0993061    -0.0349391    -0.0000298     0.0000000
 13     0.6630396    -0.0000118     0.2947533    -0.1187809
 14     0.2947533    -0.0000197     0.2103258    -0.1129148
 15     0.2103258    -0.0000265     0.1374273    -0.0730602
 16     0.1374273    -0.0000320    -0.0000320    -0.0349391
TIME STEP =       51
----------------------------------------------------
PANEL         L1           L2            L3           L4
  1     0.6630506     0.1187823     0.2947608     0.0000110
  2     0.2947608     0.1129151     0.2103321     0.0000185
  3     0.2103321     0.0730592     0.1374323     0.0000248
  4     0.1374323     0.0349371    -0.0000298     0.0000298
  5     0.7818329    -0.0000000     0.2888935     0.1187823
  6     0.2888935     0.0000000     0.1704762     0.1129151
  7     0.1704762     0.0000000     0.0993102     0.0730592
  8     0.0993102     0.0000000    -0.0000278     0.0349371
  9     0.7818329    -0.1187823     0.2888935    -0.0000000
 10     0.2888935    -0.1129151     0.1704762     0.0000000
 11     0.1704762    -0.0730592     0.0993102     0.0000000
 12     0.0993102    -0.0349371    -0.0000278     0.0000000
 13     0.6630506    -0.0000110     0.2947608    -0.1187823
 14     0.2947608    -0.0000185     0.2103321    -0.1129151
 15     0.2103321    -0.0000248     0.1374323    -0.0730592
 16     0.1374323    -0.0000298    -0.0000298    -0.0349371
TIME STEP =       52
----------------------------------------------------
PANEL         L1           L2            L3           L4
  1     0.6630610     0.1187836     0.2947677     0.0000104
  2     0.2947677     0.1129153     0.2103380     0.0000174
  3     0.2103380     0.0730582     0.1374369     0.0000232
  4     0.1374369     0.0349352    -0.0000278     0.0000278
  5     0.7818446    -0.0000000     0.2888994     0.1187836
  6     0.2888994     0.0000000     0.1704809     0.1129153
  7     0.1704809    -0.0000000     0.0993140     0.0730582
  8     0.0993140    -0.0000000    -0.0000260     0.0349352
  9     0.7818446    -0.1187836     0.2888994    -0.0000000
 10     0.2888994    -0.1129153     0.1704809     0.0000000
 11     0.1704809    -0.0730582     0.0993140    -0.0000000
 12     0.0993140    -0.0349352    -0.0000260    -0.0000000
 13     0.6630610    -0.0000104     0.2947677    -0.1187836
 14     0.2947677    -0.0000174     0.2103380    -0.1129153
 15     0.2103380    -0.0000232     0.1374369    -0.0730582
 16     0.1374369    -0.0000278    -0.0000278    -0.0349352
TIME STEP =       53
----------------------------------------------------
PANEL         L1           L2            L3           L4
  1     0.6630708     0.1187849     0.2947743     0.0000098
  2     0.2947743     0.1129155     0.2103435     0.0000163
  3     0.2103435     0.0730573     0.1374412     0.0000218
  4     0.1374412     0.0349335    -0.0000261     0.0000261
  5     0.7818556    -0.0000000     0.2889049     0.1187849
  6     0.2889049     0.0000000     0.1704853     0.1129155
  7     0.1704853     0.0000000     0.0993174     0.0730573
  8     0.0993174    -0.0000000    -0.0000243     0.0349335
  9     0.7818556    -0.1187849     0.2889049    -0.0000000
 10     0.2889049    -0.1129155     0.1704853     0.0000000
 11     0.1704853    -0.0730573     0.0993174     0.0000000
 12     0.0993174    -0.0349335    -0.0000243    -0.0000000
 13     0.6630708    -0.0000098     0.2947743    -0.1187849
 14     0.2947743    -0.0000163     0.2103435    -0.1129155
 15     0.2103435    -0.0000218     0.1374412    -0.0730573
 16     0.1374412    -0.0000261    -0.0000261    -0.0349335
TIME STEP =       54
----------------------------------------------------
PANEL         L1           L2            L3           L4
  1     0.6630800     0.1187860     0.2947804     0.0000092
  2     0.2947804     0.1129157     0.2103486     0.0000154
  3     0.2103486     0.0730564     0.1374452     0.0000205
  4     0.1374452     0.0349319    -0.0000245     0.0000245
  5     0.7818660     0.0000000     0.2889101     0.1187860
  6     0.2889101     0.0000000     0.1704893     0.1129157
  7     0.1704893     0.0000000     0.0993207     0.0730564
  8     0.0993207     0.0000000    -0.0000229     0.0349319
  9     0.7818660    -0.1187860     0.2889101     0.0000000
 10     0.2889101    -0.1129157     0.1704893     0.0000000
 11     0.1704893    -0.0730564     0.0993207     0.0000000
 12     0.0993207    -0.0349319    -0.0000229     0.0000000
 13     0.6630800    -0.0000092     0.2947804    -0.1187860
 14     0.2947804    -0.0000154     0.2103486    -0.1129157
 15     0.2103486    -0.0000205     0.1374452    -0.0730564
 16     0.1374452    -0.0000245    -0.0000245    -0.0349319
TIME STEP =       55
----------------------------------------------------
PANEL         L1           L2            L3           L4
  1     0.6630887     0.1187871     0.2947862     0.0000087
  2     0.2947862     0.1129159     0.2103534     0.0000145
  3     0.2103534     0.0730556     0.1374489     0.0000194
  4     0.1374489     0.0349304    -0.0000231     0.0000231
  5     0.7818759    -0.0000000     0.2889150     0.1187871
  6     0.2889150     0.0000000     0.1704932     0.1129159
  7     0.1704932    -0.0000000     0.0993237     0.0730556
  8     0.0993237     0.0000000    -0.0000215     0.0349304
  9     0.7818759    -0.1187871     0.2889150    -0.0000000
 10     0.2889150    -0.1129159     0.1704932     0.0000000
 11     0.1704932    -0.0730556     0.0993237    -0.0000000
 12     0.0993237    -0.0349304    -0.0000215     0.0000000
 13     0.6630887    -0.0000087     0.2947862    -0.1187871
 14     0.2947862    -0.0000145     0.2103534    -0.1129159
 15     0.2103534    -0.0000194     0.1374489    -0.0730556
 16     0.1374489    -0.0000231    -0.0000231    -0.0349304
TIME STEP =       56
----------------------------------------------------
PANEL         L1           L2            L3           L4
  1     0.6630970     0.1187882     0.2947917     0.0000083
  2     0.2947917     0.1129160     0.2103579     0.0000138
  3     0.2103579     0.0730548     0.1374524     0.0000183
  4     0.1374524     0.0349289    -0.0000218     0.0000218
  5     0.7818852    -0.0000000     0.2889196     0.1187882
  6     0.2889196     0.0000000     0.1704968     0.1129160
  7     0.1704968     0.0000000     0.0993265     0.0730548
  8     0.0993265     0.0000000    -0.0000203     0.0349289
  9     0.7818852    -0.1187882     0.2889196    -0.0000000
 10     0.2889196    -0.1129160     0.1704968     0.0000000
 11     0.1704968    -0.0730548     0.0993265     0.0000000
 12     0.0993265    -0.0349289    -0.0000203     0.0000000
 13     0.6630970    -0.0000083     0.2947917    -0.1187882
 14     0.2947917    -0.0000138     0.2103579    -0.1129160
 15     0.2103579    -0.0000183     0.1374524    -0.0730548
 16     0.1374524    -0.0000218    -0.0000218    -0.0349289
TIME STEP =       57
----------------------------------------------------
PANEL         L1           L2            L3           L4
  1     0.6631048     0.1187892     0.2947969     0.0000078
  2     0.2947969     0.1129161     0.2103622     0.0000130
  3     0.2103622     0.0730541     0.1374557     0.0000173
  4     0.1374557     0.0349275    -0.0000206     0.0000206
  5     0.7818940    -0.0000000     0.2889239     0.1187892
  6     0.2889239     0.0000000     0.1705002     0.1129161
  7     0.1705002    -0.0000000     0.0993291     0.0730541
  8     0.0993291     0.0000000    -0.0000192     0.0349275
  9     0.7818940    -0.1187892     0.2889239    -0.0000000
 10     0.2889239    -0.1129161     0.1705002     0.0000000
 11     0.1705002    -0.0730541     0.0993291    -0.0000000
 12     0.0993291    -0.0349275    -0.0000192     0.0000000
 13     0.6631048    -0.0000078     0.2947969    -0.1187892
 14     0.2947969    -0.0000130     0.2103622    -0.1129161
 15     0.2103622    -0.0000173     0.1374557    -0.0730541
 16     0.1374557    -0.0000206    -0.0000206    -0.0349275
TIME STEP =       58
----------------------------------------------------
PANEL         L1           L2            L3           L4
  1     0.6631122     0.1187901     0.2948019     0.0000074
  2     0.2948019     0.1129162     0.2103663     0.0000123
  3     0.2103663     0.0730533     0.1374588     0.0000164
  4     0.1374588     0.0349262    -0.0000194     0.0000194
  5     0.7819023    -0.0000000     0.2889280     0.1187901
  6     0.2889280     0.0000000     0.1705034     0.1129162
  7     0.1705034     0.0000000     0.0993316     0.0730533
  8     0.0993316     0.0000000    -0.0000181     0.0349262
  9     0.7819023    -0.1187901     0.2889280    -0.0000000
 10     0.2889280    -0.1129162     0.1705034     0.0000000
 11     0.1705034    -0.0730533     0.0993316     0.0000000
 12     0.0993316    -0.0349262    -0.0000181     0.0000000
 13     0.6631122    -0.0000074     0.2948019    -0.1187901
 14     0.2948019    -0.0000123     0.2103663    -0.1129162
 15     0.2103663    -0.0000164     0.1374588    -0.0730533
 16     0.1374588    -0.0000194    -0.0000194    -0.0349262
TIME STEP =       59
----------------------------------------------------
PANEL         L1           L2            L3           L4
  1     0.6631192     0.1187909     0.2948065     0.0000070
  2     0.2948065     0.1129164     0.2103701     0.0000117
  3     0.2103701     0.0730527     0.1374617     0.0000155
  4     0.1374617     0.0349250    -0.0000184     0.0000184
  5     0.7819102    -0.0000000     0.2889319     0.1187909
  6     0.2889319     0.0000000     0.1705064     0.1129164
  7     0.1705064    -0.0000000     0.0993340     0.0730527
  8     0.0993340     0.0000000    -0.0000171     0.0349250
  9     0.7819102    -0.1187909     0.2889319    -0.0000000
 10     0.2889319    -0.1129164     0.1705064     0.0000000
 11     0.1705064    -0.0730527     0.0993340    -0.0000000
 12     0.0993340    -0.0349250    -0.0000171     0.0000000
 13     0.6631192    -0.0000070     0.2948065    -0.1187909
 14     0.2948065    -0.0000117     0.2103701    -0.1129164
 15     0.2103701    -0.0000155     0.1374617    -0.0730527
 16     0.1374617    -0.0000184    -0.0000184    -0.0349250
TIME STEP =       60
----------------------------------------------------
PANEL         L1           L2            L3           L4
  1     0.6631259     0.1187918     0.2948109     0.0000066
  2     0.2948109     0.1129165     0.2103737     0.0000110
  3     0.2103737     0.0730520     0.1374644     0.0000146
  4     0.1374644     0.0349238    -0.0000174     0.0000174
  5     0.7819176     0.0000000     0.2889356     0.1187918
  6     0.2889356     0.0000000     0.1705092     0.1129165
  7     0.1705092     0.0000000     0.0993362     0.0730520
  8     0.0993362     0.0000000    -0.0000162     0.0349238
  9     0.7819176    -0.1187918     0.2889356     0.0000000
 10     0.2889356    -0.1129165     0.1705092     0.0000000
 11     0.1705092    -0.0730520     0.0993362     0.0000000
 12     0.0993362    -0.0349238    -0.0000162     0.0000000
 13     0.6631259    -0.0000066     0.2948109    -0.1187918
 14     0.2948109    -0.0000110     0.2103737    -0.1129165
 15     0.2103737    -0.0000146     0.1374644    -0.0730520
 16     0.1374644    -0.0000174    -0.0000174    -0.0349238
